t_seconds,fr_elbow_tau,fl_elbow_tau,br_elbow_tau,bl_elbow_tau,fr_bottom_tau,fl_bottom_tau,br_bottom_tau,bl_bottom_tau
0.023295879364013672,8.799471037972672e-06,1.8014774694810947e-05,1.3285188200414712e-05,2.60590200829565e-06,0.0022417105037513007,0.0022100533858024295,0.00225052055643884,0.00223432736103362
0.046466827392578125,2.3522682876126918e-05,1.0073467825607473e-05,6.260224425946033e-06,9.064997640382225e-06,0.0013301441070758823,0.001311899473049725,0.0013376805687626934,0.0013280405151668193
0.06900858879089355,2.050502898240526e-05,1.4387807798310278e-05,9.312699967077355e-06,9.43704151392897e-06,0.0007718702872758242,0.0007617685339937585,0.0007771822550216128,0.0007717395779960492
0.0912933349609375,1.4880106700185559e-05,1.2412883000786775e-05,8.171925704309992e-06,7.543072117121143e-06,0.00044085353692820866,0.0004353563427195966,0.0004443106802649155,0.00044132597029408944
0.11567044258117676,0.0931242624282246,0.0018890824132931979,0.007601665276640811,0.12319234707016957,0.17,0.17,0.17,0.17
0.13986635208129883,0.02834463742049315,0.05138396222831176,0.061688027162773613,0.06345698806568545,0.17,0.13304320197642297,0.17,0.10818145318522644
0.16381621360778809,0.015347636583976157,0.07010834399781699,0.08282667010351867,0.026405677414688307,0.11118717318823658,0.08125688240358933,0.0951411507782872,0.07482212443809287
0.18784880638122559,0.026226809799469782,0.06486141094010235,0.0740051878570868,0.030889763967864504,0.09168680958946077,0.06937670868509754,0.0810696459245346,0.06699224601534703
0.21211004257202148,0.03308505668639988,0.06258940985409796,0.06992135804768863,0.03605542956966356,0.0848674626737383,0.06573651535997252,0.07731194080474092,0.06621874291178384
0.23592233657836914,0.03648922859727006,0.062384117910663534,0.06845320333765677,0.039442065798932016,0.08113737037992741,0.06342849516195842,0.07512007867214439,0.06602885070810192
0.2600138187408447,0.03811649587149177,0.06318601462180184,0.06837723534942299,0.041660305848062,0.07851812837672717,0.06141855556083386,0.0730727134266587,0.06564097077110503
0.28383755683898926,0.039045996986072695,0.06439804882188199,0.06902131100539224,0.04333761558660532,0.07650733020831885,0.05962283900472538,0.07106420181316414,0.06509629003620512
0.3078908920288086,0.03979226358521332,0.06575632997925406,0.07004197315941425,0.044808942061156286,0.0749300891467758,0.05805254922648808,0.06917152243051966,0.06450816411927605
0.3317413330078125,0.04054899981943393,0.06715441477356826,0.07126110282139159,0.046211049202974884,0.0736913137531961,0.05669713393362368,0.0674582913571185,0.06395699045596637
0.35583043098449707,0.041360047707896606,0.06854711760136072,0.07257762329911603,0.04758017134469131,0.07272013158880956,0.05552800759172806,0.06595410970309688,0.06348748547759459
0.37967681884765625,0.042210657125948,0.06991012308711107,0.073927110896602,0.04891029329706448,0.07195834206892036,0.054512050119730086,0.06466276147970931,0.0631188659663196
0.4031856060028076,0.04307015272990602,0.07122643661796886,0.07526542994154052,0.05018285744450283,0.07135849942976696,0.05361937236803665,0.06357204171254616,0.06285392296555088
0.4272918701171875,0.04390960494941214,0.07248324901995537,0.07656238678047882,0.05138020331550209,0.07088326277055784,0.05282610614588731,0.06266115093776349,0.06268564216785484
0.4509153366088867,0.04470772719206474,0.07367179491675654,0.07779875445940822,0.05249052435386789,0.07050428738767649,0.05211448825197491,0.06190572857210834,0.06260183519921236
0.4745948314666748,0.04545160990137101,0.07478744713112681,0.07896409291684058,0.05350868220106303,0.07020064837922572,0.051471794791000065,0.061281098055934395,0.06258828684849387
0.49828314781188965,0.04613542645852768,0.07582934285549793,0.0800546586343363,0.05443520062739309,0.06995712260081788,0.050888981341493146,0.06076421621247604,0.06263078908411981
0.5221798419952393,0.04675855526688424,0.07679959487445752,0.08107139291526742,0.055274652768198124,0.06976260628119467,0.0503594415259471,0.060334702884214865,0.06271634285880802
0.5459909439086914,0.04732376046795524,0.07770232941429595,0.08201814204134981,0.05603404928051139,0.06960882020955889,0.04987804421868056,0.059975238999136184,0.06283375575051411
0.5696628093719482,0.047835690140970444,0.0785427650969138,0.08290022944275162,0.0567214996662898,0.06948934630937957,0.04944047425547837,0.05967155451894798,0.06297382432929377
0.5938146114349365,0.04829976313649402,0.07932646254056983,0.0837234212732907,0.05734523356950847,0.06939897003748181,0.04904283587684819,0.05941217343659698,0.06312925392579097
0.617814302444458,0.04872142374647769,0.08005879395712195,0.08449326028020326,0.057912970275978866,0.06933326905106783,0.04868145363580965,0.05918803736875103,0.06329443317258748
0.6420302391052246,0.049105701895567885,0.08074462597821234,0.08521470342163735,0.05843157801502413,0.06928837973335682,0.04835280416300367,0.05899209133165892,0.0634651477675947
0.6658999919891357,0.049457003336854787,0.08138817794926637,0.08589198395599339,0.05890694907931485,0.06926087918878486,0.04805352242321471,0.058818884791534236,0.06363828931237966
0.6902530193328857,0.04977905715641142,0.08199300652845287,0.0865286212386594,0.059344018938263327,0.0692477332275844,0.04778044058479767,0.05866421774576105,0.06381159203544604
0.7150042057037354,0.05007495901697316,0.08256206879804752,0.08712751368201033,0.059746868713201014,0.06924627534504285,0.04753063202684319,0.05852484477953709,0.06398341302621734
0.739577054977417,0.05034726291329695,0.08309782430992935,0.08769106639146648,0.060118864968904735,0.06925419473792292,0.04730144510967311,0.058398238816607155,0.06415255985162492
0.7639436721801758,0.05059808852109277,0.08360234720244827,0.08822132096705751,0.06046280528368836,0.06926952163745768,0.04709052032062959,0.058282409545340114,0.06431816223328449
0.7880277633666992,0.050829223645704844,0.08407742997949144,0.08872006863826712,0.06078105057554647,0.06929060540205353,0.04689579032183472,0.058175768135389626,0.06447958077767128
0.8124189376831055,0.05104221099403053,0.08452466926221983,0.08918893834340698,0.06107563486566479,0.06931608523406974,0.04671546575724865,0.05807702883858412,0.06463634453488011
0.8372282981872559,0.05123841538721716,0.08494553026206293,0.0896294584950449,0.06134834995811528,0.0693448556598661,0.046548011076479476,0.0579851385219104,0.06478810950454393
0.8621807098388672,0.05141907190883043,0.08534139091879993,0.09004309541246135,0.06160080673847446,0.06937602968733342,0.04639211474869724,0.05789922643198277,0.06493463139017967
0.8868649005889893,0.051585317853403305,0.08571356895389813,0.09043127339800831,0.06183447698103025,0.06940890240626942,0.046246657619596836,0.05781856805058247,0.06507574740573056
0.9119763374328613,0.05173821226262501,0.08606333598276644,0.09079538187177183,0.06205072028527964,0.06944291717685204,0.04611068222121301,0.05774255845080957,0.06521136342326558
0.9367661476135254,0.051878746822231814,0.08639192278384562,0.09113677446799713,0.062250800567689626,0.06947763577805678,0.04598336485794031,0.057670691921887826,0.065341444030323
0.9615147113800049,0.05200785135759846,0.0867005192421789,0.09145676401764793,0.06243589584105489,0.06951271315854243,0.04586399142606305,0.05760254571840477,0.06546600406071705
0.986377477645874,0.05212639641567165,0.08699027167685461,0.09175661623369337,0.06260710413199891,0.06954787684914471,0.045751937254013914,0.05753776659616809,0.06558510086811398
1.0111587047576904,0.05223519465544353,0.08726227943287125,0.09203754388982925,0.06276544751904965,0.06958291069246186,0.04564665079120261,0.05747605935142614,0.06569882706359186
1.0359375476837158,0.05233500210362485,0.08751759189122464,0.0923007024478132,0.06291187553074667,0.06961764231227094,0.0455476407027988,0.057417176931691426,0.06580730369144674
1.060889720916748,0.05242651981625663,0.08775720648072738,0.09254718747808265,0.0630472685720237,0.06965193365231054,0.0454544658071357,0.05736091188774635,0.06591067392967352
1.0856378078460693,0.052510396127962246,0.08798206787289577,0.09277803382081141,0.06317244164902858,0.06968567392096117,0.045366727277385,0.05730708903596786,0.06600909742398699
1.1103792190551758,0.05258722944956863,0.08819306828871369,0.09299421621395569,0.0632881484156094,0.06971877434777705,0.045284062579993005,0.05725555923750073,0.06610274533787996
1.135004997253418,0.05265757146256974,0.08839104871354461,0.09319665102527479,0.06339508543489261,0.06975116425801896,0.0452061407063434,0.0572061942050597,0.06619179615490063
1.1599047183990479,0.05272193052282503,0.08857680076953861,0.09338619872302625,0.06349389650197529,0.06978278807934032,0.0451326583481456,0.05715888223919092,0.06627643222184638
1.1846826076507568,0.05278077509731743,0.08875106900326994,0.09356366676765232,0.06358517687734387,0.06981360299530537,0.045063336755701865,0.057113524785269223,0.06635683698271445
1.2092435359954834,0.052834537093728116,0.0889145533841751,0.09372981267649232,0.06366947731157935,0.06984357704563762,0.044997919093885085,0.05707003369649188,0.0664331928273113
1.2343981266021729,0.05291253464237281,0.08901622357276259,0.09383267855727843,0.0636893186592734,0.06990130301617055,0.04493965771487116,0.057035282343539495,0.06647754891154317
1.259432077407837,0.05298528711751559,0.08909479378262203,0.09391102511746414,0.06371098775839767,0.069955752690671,0.0448864459802364,0.05700488428573893,0.06651808613256409
1.2843010425567627,0.05304523392980324,0.08915282761590163,0.0939705675012428,0.06373060525679408,0.07000623253862467,0.04483656559582713,0.056977358702801885,0.0665554216707858
1.3091709613800049,0.05309210122609948,0.08919681124691105,0.09401628060189224,0.06374526730577136,0.07005303717385296,0.04478984131624068,0.05695201123902076,0.06658992001780187
1.3341929912567139,0.05312709138752068,0.0892306260654732,0.09405146805949731,0.06375427876862828,0.07009647177907233,0.044746334095616784,0.056928300524931204,0.06662185626243645
1.359752893447876,0.053151891891710386,0.08925685318014441,0.09407850696451542,0.06375792791481837,0.07013683321283685,0.04470610944107735,0.05690579626991698,0.06665142952518498
1.384845495223999,0.053168238428923945,0.08927732893080188,0.09409919123574782,0.06375690173269084,0.07017440929201273,0.044669169263608845,0.05688418632400646,0.06667880407665057
1.4100093841552734,0.05317772825782728,0.08929340446419563,0.09411489953219845,0.06375199721530686,0.07020946777503027,0.04463543864653702,0.056863269544747304,0.06670413331533549
1.4353413581848145,0.05318174917804763,0.08930608198654853,0.09412668960533759,0.06374398216163572,0.07024224560552163,0.044604774805220584,0.05684293598029008,0.06672756867859823
1.460775375366211,0.05318146373611032,0.08931610038676686,0.09413536442968445,0.06373353508956399,0.0702729439234474,0.04457698474371577,0.056823142464476055,0.06674926040502739
1.4860081672668457,0.05317782062524597,0.08932399882717161,0.094141527033455,0.06372122711266838,0.07030172905256127,0.0445518447260184,0.05680388925643243,0.06676935488615349
1.5109081268310547,0.05317157920091752,0.08933016820329798,0.09414562844444362,0.06370752517502853,0.07032873747916268,0.0445291179125658,0.05678520058815021,0.06678799126390926
1.5357334613800049,0.05316333924627474,0.08933489324597978,0.09414800875084087,0.06369280495687393,0.07035408256909301,0.04450856844960507,0.05676711009481131,0.06680529859092783
1.560673475265503,0.053153571226880164,0.08933838592593049,0.09414893049880291,0.06367736686356949,0.07037786129474506,0.04448997151935753,0.056749650987409826,0.0668213940678945
1.585127592086792,0.05314264414749928,0.08934081064320103,0.09414860419031866,0.06366145155496859,0.0704001599392199,0.044473119594888214,0.05673285025187928,0.0668363824113858
1.6096980571746826,0.053130849441388635,0.0893423020564176,0.09414720641946582,0.06364525332815517,0.07042105834123072,0.044457825533570375,0.05671672593729011,0.06685035616648231
1.6340229511260986,0.05311842029236712,0.08934297676661263,0.09414489176288103,0.06362893078551793,0.07044063265994056,0.0444439232901439,0.05670128659311991,0.06686339668313543
1.6585476398468018,0.05310554647177951,0.08934294024179197,0.09414179981734151,0.06361261485844147,0.07045895687858131,0.044431267018366874,0.05668653203571669,0.06687557546922542
1.6830573081970215,0.05309238519995605,0.08934229034376387,0.09413805879206333,0.0635964145781539,0.07047610336737342,0.044419729225967056,0.056672454798790156,0.06688695567654787
1.7074100971221924,0.05307906875588524,0.08934111865303809,0.09413378690069187,0.06358042110101968,0.07049214283471314,0.04440919850163514,0.05665904180696189,0.06689759354025866
1.7318720817565918,0.05306570961126284,0.08933951054717888,0.09412909254392546,0.06356471048782046,0.07050714395032553,0.044399577180580255,0.056646275977382046,0.06690753965855621
1.7562572956085205,0.053052403808627524,0.08933754472877865,0.09412407399682311,0.06354934566277749,0.07052117285535502,0.04439077917843125,0.05663413758871024,0.06691684005703906
1.7804555892944336,0.05303923318627031,0.08933529266023864,0.09411881905947787,0.06353437787856364,0.07053429270250909,0.044382728113222546,0.056622605355082484,0.06692553702589552
1.8046801090240479,0.05302626691188671,0.08933281816522204,0.09411340492178757,0.06351984791380064,0.07054656330645122,0.0443753557549649,0.05661165720747314,0.06693366974723926
1.8291714191436768,0.05301356264988559,0.08933017730933986,0.0941078983391562,0.06350578714330239,0.07055804093589935,0.044368600789930546,0.05660127082167434,0.06694127474607924
1.8533649444580078,0.053001167568705244,0.0893274185734112,0.09410235611545485,0.06349221855515653,0.07056877824568848,0.044362407857669255,0.056591423947950394,0.06694838620440001
1.8776135444641113,0.05298911930196496,0.0893245832747958,0.09409682583273447,0.0634791577426694,0.07057882432744568,0.044356726806815495,0.056582094599050434,0.06695503617679549
1.9019255638122559,0.05297744691171794,0.08932170616578766,0.09409134674410143,0.06346661387148181,0.07058822484890918,0.04435151211565191,0.05657326114650548,0.06696125474087992
1.92610502243042,0.05296617186047112,0.08931881613358125,0.09408595074520315,0.06345459060806155,0.07059702225076918,0.04434672243000492,0.056564902364489224,0.0669670701086292
1.950347661972046,0.05295530897610633,0.08931593693478392,0.09408066335231426,0.0634430869919101,0.07060525597358344,0.04434232018076004,0.056556997449147065,0.06697250871741857
1.9742558002471924,0.052944867385397366,0.08931308791272406,0.09407550463308864,0.06343209823556788,0.07061296269314232,0.04433827125355672,0.05654952603094931,0.06697759531296647
1.998276710510254,0.05293485139208022,0.0893102846622574,0.09407049005522872,0.0634216164416993,0.07062017654907232,0.04433454469238646,0.056542468189488874,0.06698235303109284
2.0224497318267822,0.05292526128074147,0.0893075396221858,0.09406563123523493,0.06341163123233232,0.07062692935739247,0.04433111242616541,0.05653580447419088,0.0669868034813037
2.0464041233062744,0.05291609403501953,0.0893048625876451,0.09406093658250089,0.06340213029072218,0.07063325080249012,0.044327949012697807,0.05652951593071914,0.06699096683271057
2.0709478855133057,0.0529073439656468,0.08930226114376397,0.0940564118434592,0.06339309982063762,0.0706391686074604,0.044325031397892845,0.05652358413086171,0.06699486190129433
2.095627784729004,0.05289900324990336,0.08929974102731904,0.09405206055579823,0.06338452493058967,0.07064470868404348,0.04432233869005646,0.056517991203010556,0.06699850623692012
2.120276927947998,0.05289106238832864,0.08929730642610739,0.09404788442547549,0.06337638995208578,0.0706498952645811,0.044319851949871134,0.056512719860470254,0.06700191620844029
2.144901752471924,0.05288351058719099,0.08929496022647469,0.09404388363956774,0.06336867870134516,0.0706547510188954,0.04431755399682997,0.056507753425456664,0.06700510708545185
2.1693341732025146,0.052876336076381154,0.08929270421890625,0.09404005712700757,0.06336137469352175,0.07065929715895011,0.04431542923251786,0.05650307584737891,0.06700809311565707
2.193988084793091,0.05286952637247877,0.08929053927034482,0.0940364027777057,0.06335446131763325,0.07066355353371605,0.044313463480687834,0.05649867171476243,0.06701088759724749
2.218254804611206,0.05286306849611008,0.08928846547029884,0.09403291762831191,0.06334792197913815,0.07066753871629314,0.04431164384358692,0.05649452626080822,0.06701350294603814
2.241971015930176,0.052856949151559,0.08928648225615658,0.09402959802127861,0.0633417402160898,0.07067127008474416,0.04430995857358487,0.05649062536299638,0.0670159507574209
2.2658395767211914,0.05285115487540685,0.08928458852182425,0.09402643974204965,0.06333589979351609,0.07067476389768032,0.04430839695887139,0.056486955537485194,0.06701824186338903
2.289760112762451,0.052845672159687815,0.0892827827125541,0.09402343813798622,0.06333038477982258,0.07067803536532008,0.04430694922185781,0.056483503929136404,0.06702038638499329
2.3133881092071533,0.052840487553957,0.08928106290806331,0.09402058822167009,0.06332517960819037,0.07068109871642148,0.044305606428887236,0.05648025829806325,0.06702239378066144
2.337052583694458,0.05283558774975027,0.08927942689545373,0.09401788476049752,0.06332026912525741,0.0706839672613681,0.044304360409870826,0.056477207003506766,0.06702427289079248
2.360697031021118,0.05283095965013287,0.08927787223294918,0.09401532235412548,0.06331563862905859,0.07068665345157131,0.044303203686635845,0.056474338985782094,0.06702603197902848
2.3843533992767334,0.05282659042649816,0.08927639630540668,0.09401289550095328,0.06331127389766644,0.07068916893532311,0.04430212940885073,0.056471643746883474,0.06702767877053578
2.407989978790283,0.05282246756437834,0.08927499637232796,0.09401059865476673,0.06330716120986339,0.07069152461018924,0.04430113129657939,0.056469111330236174,0.06702922048760676
2.431844472885132,0.052818578899707376,0.08927366960903231,0.09400842627253327,0.063303287358962,0.07069373067208001,0.04430020358862127,0.05646673229997602,0.06703066388282662
2.4557993412017822,0.05281491264676008,0.08927241314169049,0.09400637285427192,0.06329963966070831,0.0706957966611432,0.04429934099597098,0.056464497720040314,0.06703201527000349
2.47963285446167,0.05281145741887996,0.08927122407685854,0.09400443297592465,0.0632962059561633,0.07069773150462098,0.044298538659783504,0.056462399133269905,0.06703328055304458
2.503169536590576,0.05280820224293774,0.08927009952611809,0.09400260131608555,0.06329297461032873,0.07069954355683741,0.044297792113367256,0.056460428540700686,0.06703446525293638
2.526966094970703,0.05280513656841859,0.08926903662643643,0.09400087267731662,0.0632899345071936,0.07070124063651366,0.044297097247773455,0.05645857838113644,0.06703557453291946
2.550758123397827,0.05280225027192863,0.08926803255679273,0.09399924200289479,0.06328707504186178,0.07070283006155743,0.04429645028061892,0.056456841511102494,0.06703661322202648
2.5747835636138916,0.05279953365778567,0.08926708455157277,0.09399770438955393,0.06328438611025741,0.07070431868154087,0.04429584772782567,0.05645521118525519,0.06703758583703845
2.5985546112060547,0.05279697745542589,0.08926618991124112,0.09399625509687741,0.06328185809693221,0.07070571290798011,0.04429528637798453,0.05645368103726591,0.06703849660298887
2.6222033500671387,0.05279457281409463,0.08926534601062328,0.0939948895538733,0.06327948186139283,0.07070701874262485,0.04429476326910971,0.056452245061265276,0.06703934947230994
2.6459157466888428,0.052792311295353965,0.08926455030521897,0.09399360336313226,0.06327724872326246,0.07070824180386842,0.04429427566751836,0.05645089759384117,0.06704014814267316
2.669482946395874,0.05279018486390593,0.08926380033581402,0.09399239230300047,0.06327515044666901,0.07070938735142066,0.04429382104868285,0.0564496332966406,0.06704089607367127
2.6933841705322266,0.05278818587697296,0.08926309373171752,0.09399125232812303,0.06327317922402027,0.07071046030937309,0.04429339707980948,0.0564484471395852,0.06704159650234627
2.7170469760894775,0.05278630707268364,0.08926242821274831,0.09399017956859632,0.06327132765948346,0.07071146528776133,0.04429300160401798,0.05644733438472222,0.06704225245771536
2.7412269115448,0.05278454155763467,0.08926180159027447,0.09398917032802068,0.0632695887522667,0.07071240660271651,0.044292632625940374,0.056446290570698374,0.06704286677429803
2.764909029006958,0.05278288279395328,0.08926121176741697,0.09398822108061397,0.06326795587991377,0.07071328829532382,0.04429228829861985,0.0564453114978977,0.06704344210476697
2.789109468460083,0.0527813245859444,0.08926065673853661,0.09398732846761591,0.06326642278171575,0.07071411414925506,0.044291966911563445,0.056444393214194054,0.06704398093173747
2.813077688217163,0.05277986106657318,0.08926013458818273,0.09398648929310507,0.06326498354232522,0.07071488770725654,0.04429166687985873,0.056443532001363005,0.06704448557879396
2.8367865085601807,0.05277848668387084,0.08925964348956072,0.09398570051931956,0.06326363257566249,0.07071561228658377,0.04429138673422523,0.05644272436210131,0.06704495822077972
2.860762596130371,0.05277719618738855,0.08925918170263472,0.09398495926170389,0.06326236460921565,0.07071629099342389,0.04429112511193899,0.05644196700766368,0.06704540089340666
2.884390354156494,0.05277598461475632,0.08925874757190777,0.09398426278363507,0.06326117466871767,0.07071692673640889,0.04429088074853377,0.05644125684611243,0.06704581550224431
2.90800404548645,0.052774847278499265,0.08925833952400887,0.093983608491004,0.06326005806329728,0.07071752223922717,0.04429065247019377,0.056440590971118317,0.0670462038311068
2.9318161010742188,0.052773779753075616,0.08925795606505454,0.09398299392669833,0.06325901037111485,0.07071808005245712,0.04429043918680526,0.05643996665135949,0.06704656754990214
2.9556756019592285,0.052772777862238496,0.08925759577792808,0.09398241676501323,0.06325802742547659,0.07071860256461211,0.04429023988557058,0.056439381320442704,0.06704690822195597
2.9795353412628174,0.052771837666760545,0.08925725731942248,0.09398187480609242,0.063257105301508,0.07071909201247999,0.04429005362516128,0.05643883256735388,0.06704722731087359
3.003157377243042,0.05277095545253433,0.08925693941738186,0.0939813659703848,0.06325624030331498,0.07071955049080854,0.04428987953034639,0.056438318127417265,0.06704752618694713
3.3843297958374023,0.008648524416051752,0.17,0.17,0.037276239306409886,0.031165887734265384,0.026677224612904508,0.16191697089822402,0.1559206928486575
3.4075496196746826,0.025021500552060743,0.17,0.17,0.003761934237311375,0.0221691399458304,0.048168611097275285,0.14715163400252168,0.08487683082839026
3.430877685546875,0.061459329858973524,0.17,0.17,0.032185823383278155,0.04859764828658847,0.03179829151958931,0.098312794865059,0.13417630420102594
3.4539148807525635,0.004469786471834997,0.17,0.17,0.013229265523992858,0.028657546065002995,0.03230966143928707,0.11821275354653057,0.10567708843824122
3.4773733615875244,0.03333413278879422,0.17,0.17,0.0075804439826171735,0.029138715649190808,0.05341961436188182,0.10569274224636284,0.09179665302479854
3.5005974769592285,0.07756502645780257,0.17,0.17,0.01937941939977633,0.022934321167559366,0.045729262696665024,0.0864921905373128,0.09452235871755947
3.9006924629211426,0.17,0.04261866854097757,0.06127226144603228,0.17,0.10001449484026669,0.04995931880208722,0.09328153402440231,0.09943312873407738
3.926576614379883,0.17,0.03776339736426755,0.05991528635639426,0.17,0.10463473019483725,0.040439789333269464,0.08810867653541185,0.10011327296040344
3.952237129211426,0.17,0.03819648549841182,0.06287781972221336,0.17,0.10324892316292539,0.03699856797071858,0.08784408585974472,0.09486528278132486
3.978517770767212,0.17,0.03965340904748535,0.06328874081000362,0.17,0.10402975295920594,0.034283531658852694,0.08176233305650796,0.09176037818290574
4.004563570022583,0.17,0.04589154274403979,0.061102732783323906,0.17,0.08649379167025462,0.02717622928089499,0.10085018954171711,0.08272575340780607
4.030863523483276,0.17,0.04967523621409808,0.0666934861074512,0.17,0.07407435181777011,0.029502879870493878,0.09331234928001962,0.07186112900362898
4.424309730529785,0.014821416831441942,0.17,0.17,0.024308655500548074,0.01273970929911939,0.07121994909194694,0.08837602301630713,0.11932681915912428
4.45002818107605,0.005483258698584406,0.17,0.17,0.019831352669613608,0.021914589102168477,0.06960886262796281,0.08001510357453141,0.12301201361523426
4.475636005401611,0.006372795124240009,0.17,0.17,0.002083351894734848,0.027528945124017008,0.07146838732797164,0.06767396657147574,0.12464480293038421
4.501330614089966,0.017621151810252922,0.17,0.17,0.005234123720469662,0.02683825006812739,0.07352795762919569,0.05353432699911829,0.10993416343468194
4.52725076675415,0.020399310945972485,0.17,0.17,0.0166196268031449,0.026566685845211047,0.0704735617403848,0.04919311520845586,0.11225830199435206
4.934189319610596,0.17,0.04629439850952843,0.06311554620528821,0.17,0.10812849859216586,0.0028097522553281007,0.06881300305233143,0.06279369490186155
4.957781791687012,0.17,0.04463001268281881,0.05960776790883332,0.17,0.10816599885230337,0.026088647460689007,0.06920414462043116,0.0827332036051986
4.981527328491211,0.17,0.0525812409065882,0.05654261568375415,0.17,0.08977181953196256,0.018020169681178217,0.085293639618939,0.07404923641324403
5.005443572998047,0.17,0.05263230854509413,0.059910027119022234,0.17,0.08528740051296596,0.014161962068602742,0.08308599580507428,0.06366971055865565
5.029026746749878,0.17,0.05128086509413878,0.05223663790171175,0.17,0.08294496281997936,0.013399767159915798,0.07815766989511137,0.05574959479600236
5.4199535846710205,0.05433847519133849,0.17,0.17,0.03092035681671228,0.018783918950110803,0.09392093591614874,0.08266919296770388,0.12455088859792185
5.444082736968994,0.05353252931951652,0.17,0.17,0.0635027031014551,0.03350663254535129,0.1081577683941686,0.0971233508431438,0.11887975875760164
5.467911243438721,0.052464893245311534,0.17,0.17,0.06957750697477681,0.03336433234340175,0.11066499071490507,0.09875640902407495,0.11421647795314312
5.491846799850464,0.06253083539847668,0.17,0.17,0.08581794673984719,0.03225075063383411,0.1036789919414751,0.09558786782272173,0.11278564967931565
5.5159149169921875,0.07405374382414114,0.17,0.17,0.1007753902086282,0.03129467674271999,0.09910549821303125,0.09323701543784195,0.11024163699918478
5.540230989456177,0.08436688531378013,0.17,0.17,0.08903807633241358,0.02215372611174048,0.10127378816109525,0.10958555544884793,0.11332670112066567
5.9363813400268555,0.17,0.06908119017238297,0.09918976553534949,0.17,0.1479899059043866,0.04765150958702024,0.11672237513680135,0.10694394276436509
5.960349798202515,0.17,0.05951800235183465,0.09744236718128706,0.17,0.14402087257109228,0.05975362436621775,0.1194903066345248,0.10482214822907017
5.984255313873291,0.17,0.04920391123344269,0.108218104587725,0.17,0.141420993537166,0.029761282238041198,0.11576802665258289,0.10406236202710346
6.008172512054443,0.17,0.05718104996624771,0.09552451822598532,0.17,0.13029855105799246,0.03153588391669262,0.11189103210516343,0.09587875348833803
6.031677722930908,0.17,0.056873474351309995,0.09689110878786322,0.17,0.12421148030752871,0.027852868654172688,0.10925521737825702,0.08976577906368187
6.055440902709961,0.17,0.05767393054443179,0.09784633176606759,0.17,0.119887525270342,0.027085854850431496,0.10592613281557561,0.08468432672922634
6.4451704025268555,0.059350360853412845,0.17,0.17,0.044632048345970725,0.04093717249097916,0.059586994370720535,0.04007625824515459,0.10597960309019143
6.46924901008606,0.054261385368764806,0.17,0.17,0.05213290472351057,0.03565479075582175,0.10370477996858384,0.1040160836147936,0.08873663967700815
6.493386507034302,0.036959603152785035,0.17,0.17,0.04096264924691412,0.035453434668786775,0.1014361977398367,0.09968384040912044,0.10054522505038119
6.517480134963989,0.03379316749090611,0.17,0.17,0.028386986318333706,0.037410706615586424,0.07480007128236346,0.0747155817786122,0.1132643915995431
6.541907548904419,0.024525932776086858,0.17,0.17,0.008016499485122902,0.029498427167768813,0.07275464681529427,0.0665681636126638,0.10269183699471769
6.566172361373901,0.013764177456207297,0.17,0.17,0.026598411670854742,0.02051985814518325,0.07786850966139218,0.07178292652298933,0.1109408385507528
6.961400985717773,0.17,0.09961899223073123,0.062226956947479595,0.17,0.0981945514156872,0.041311903418105825,0.12442704379041179,0.06832720932918603
6.987044334411621,0.17,0.14652396951114582,0.03937483656203443,0.17,0.09146173828826151,0.02687450246764834,0.1418259250503879,0.04036473219477825
7.012469530105591,0.17,0.09110010920641834,0.14633448965367346,0.17,0.09673596722290835,0.03812028227151398,0.11440675294558551,0.04829473200842383
7.03803825378418,0.17,0.08093619810614767,0.024927667236938678,0.17,0.09240132884505933,0.04187547926246853,0.12162097613834116,0.0819366585333516
7.063816785812378,0.17,0.09013029369225226,0.04341881291223638,0.17,0.08778431527863285,0.03680884528777959,0.11294390958377809,0.06591189009513194
7.089709043502808,0.17,0.10625781858707008,0.036121480690700765,0.17,0.09055120913444879,0.02188845404705499,0.11075383094533346,0.07316618272112574
7.478283405303955,0.0968557943519428,0.17,0.17,0.09459652977540554,0.08084024273030567,0.09467297223503209,0.09394721429292566,0.0925508415704927
7.503353834152222,0.056072326169292745,0.17,0.17,0.07131843779902312,0.04927085291605307,0.060738379652534175,0.06935653064303306,0.072792404769171
7.528438091278076,0.07263326196357166,0.17,0.17,0.0779502353805345,0.07563642735854116,0.0895332616757109,0.08437158790197866,0.0758750274471613
7.553143739700317,0.05108153271496578,0.17,0.17,0.04405813339404977,0.05978616908797842,0.04248578949740328,0.06246750892746329,0.09809986876197552
7.578134536743164,0.0700561612652564,0.17,0.17,0.05128079702322562,0.06238125122094663,0.08003961912386448,0.06936837353087662,0.08324448295520673
7.980320930480957,0.17,0.06387711213167044,0.03551453412737327,0.17,0.09680975104979696,0.031290064470567786,0.11979848035940636,0.05081316583324657
8.004817962646484,0.17,0.0681329604809576,0.061852951705157436,0.17,0.10181274608011044,0.03869773519000112,0.10686589747746912,0.030874059952877418
8.029585123062134,0.17,0.10913250717473649,0.04990074664233629,0.17,0.09950534001891109,0.027715991996637674,0.12550268795539052,0.01932557950473328
8.054063081741333,0.17,0.12303042565204564,0.049558308710896753,0.17,0.11051754016552064,0.021852040788693725,0.11231593997178825,0.01333187281945375
8.078771829605103,0.17,0.06795407222729635,0.09792700624915487,0.17,0.11625918447857764,0.023784701958154433,0.11726210922807281,0.09729477542358045
8.103217601776123,0.17,0.0615258649578352,0.06599254393911873,0.17,0.1345108708898559,0.03568460342116445,0.12914633335359055,0.09210662772643403
8.480420112609863,0.07069223784501023,0.17,0.17,0.07216062115592053,0.06822033514563737,0.0640489759021127,0.0641864202908745,0.07907050986590967
8.503603219985962,0.08270979517500074,0.17,0.17,0.06838934874158027,0.056928457080063534,0.0651885513859937,0.06844382084852295,0.0766983219246949
8.52716588973999,0.07563474442435603,0.17,0.17,0.06690845154766135,0.06160941390333216,0.059768279237844585,0.063067406237028,0.07990351425039313
8.550740957260132,0.07044866989266897,0.17,0.17,0.06170554024660153,0.0539236021632559,0.054638808944911396,0.06190895224576729,0.07688291741108778
8.574364423751831,0.06523991516690114,0.17,0.17,0.054909971326199576,0.047564804533593005,0.0509428491480019,0.06039138103353809,0.07482208866137467
8.597674131393433,0.060424864035720824,0.17,0.17,0.05006320073459172,0.042375065170174524,0.05192091057767873,0.05881000101691803,0.0732544209382721
8.981344223022461,0.17,0.007937237179774745,0.030118546540137986,0.17,0.11062330172461553,0.01630732019874319,0.13078819836899172,0.07068894217094535
9.005367517471313,0.17,0.004945094230888875,0.006330253320658247,0.17,0.10414805513438308,0.02331110213314052,0.14234119969735928,0.053489530517573124
9.029608488082886,0.17,0.024344983484599545,0.006670091140826349,0.17,0.0803309404849755,0.022162333317811686,0.14461727749137246,0.03940458105209149
9.053730964660645,0.17,0.024689456947782962,0.04074650167532237,0.17,0.08216680741472403,0.012917723367346947,0.12929907358688553,0.03269925645288455
9.078030586242676,0.17,0.021962786123195303,0.013263243961694884,0.17,0.07812391298066657,0.016250725078137074,0.11875736442427151,0.026642824153167592
9.102367162704468,0.17,0.03889705170095054,0.0020065457015658625,0.17,0.07906808226097622,0.009017749155582037,0.12612265208492568,0.014949590454475966
9.500405550003052,0.07212435414603076,0.17,0.17,0.06288278249170967,0.042265730063081874,0.07532861229942599,0.07760256655107678,0.08593221472442437
9.524848222732544,0.08391019559275405,0.17,0.17,0.06910910872735715,0.044813474145687905,0.06995628905029432,0.07494922994275077,0.07799826387427201
9.549290657043457,0.09449006329671873,0.17,0.17,0.08135756144111303,0.04420672573449395,0.06592264680949449,0.07062752237703628,0.07515935450829592
9.57373595237732,0.1452198816906839,0.17,0.17,0.06275928108347802,0.03577189686807037,0.044646478428261936,0.05929950487681527,0.08983667978214033
9.598052501678467,0.10653330667316767,0.17,0.17,0.07445612963623509,0.053983433377123025,0.047084345370705834,0.06522860155894306,0.10192436249912655
9.622656106948853,0.134038684485349,0.17,0.17,0.08935322860915551,0.03976629124300476,0.043573164177753886,0.0667954763228055,0.10669633553915198
10.019610404968262,0.17,0.06380951201368631,0.05688626170840421,0.17,0.12150034615533638,0.0626449807056911,0.06265906614533732,0.06493744173511327
10.045174360275269,0.17,0.03962950896417268,0.0379422301752848,0.17,0.095196886380163,0.05488646558661211,0.0724040197259553,0.05971732906450906
10.070703744888306,0.17,0.035920674665472156,0.03398507188551137,0.17,0.0917358955049428,0.05064704374978015,0.08017185889464182,0.0637328309931081
10.09632921218872,0.17,0.031641128369404525,0.025962118770653523,0.17,0.09143436918788328,0.04613745694951215,0.08848595594141398,0.07324061552044019
10.121857643127441,0.17,0.025058793319975296,0.021772340985040835,0.17,0.08780319094063382,0.04803630045270986,0.10326156082383574,0.07601375265490912
10.532377243041992,0.0502713434137021,0.17,0.17,0.051371488492704065,0.01358995539199785,0.0074106016416362625,0.17,0.17
10.557056903839111,0.0266484470536997,0.17,0.17,0.05681118470580468,0.006247755745020182,0.015458956008275224,0.17,0.17
10.581686019897461,0.019311746243941295,0.17,0.17,0.05434705169256965,0.006693355096050109,0.024100606421907943,0.17,0.17
10.606482028961182,0.0028823086635371494,0.17,0.17,0.03806999149897921,0.025911498737006846,0.035632591557382146,0.17,0.17
10.631256580352783,0.010307366348762266,0.17,0.17,0.004650849686662143,0.04919608841745021,0.04133355912643499,0.17,0.17
11.030744552612305,0.17,0.13513609384409064,0.13586179691971495,0.17,0.11173424528528732,0.11407595681769701,0.17,0.17
11.05438756942749,0.17,0.09765649332726825,0.09607060245353263,0.17,0.11919704541835613,0.08313121450051515,0.17,0.17
11.078204870223999,0.17,0.06415005926557528,0.07611041130098037,0.17,0.1177896859948891,0.09156018262059262,0.17,0.17
11.10169005393982,0.17,0.10290251229479302,0.0824225191111724,0.17,0.12947882395900606,0.0911480268411697,0.16711722596315778,0.15449939220539113
11.125414609909058,0.17,0.11880448891233393,0.05652774049134126,0.17,0.12072604705735913,0.07200906675209318,0.16387835412913218,0.14079821310302526
11.149446725845337,0.17,0.13289050921996326,0.03978418238808464,0.17,0.1286368151486579,0.0559169703939156,0.15926831897601498,0.13385670134298872
11.537539958953857,0.003946414533339571,0.17,0.17,0.059983165779183306,0.06881674902760594,0.10796027229529183,0.10730353979307482,0.10535011295281897
11.561700820922852,0.013293607971820933,0.17,0.17,0.021388619775195333,0.08901081006533182,0.09927972933074625,0.10896968726570158,0.1303386609417867
11.585352420806885,0.01574347689034489,0.17,0.17,0.03391712348490834,0.0645320410876666,0.05039997094939273,0.07730852225032404,0.14027654396127293
11.609055519104004,0.03349193385429367,0.17,0.17,0.006155677806133353,0.04563360769410499,0.06621160341438953,0.08708754775855192,0.11513486511080641
11.632952451705933,0.045943380412127234,0.17,0.17,0.0332487508824909,0.05701476486206391,0.0688130750945567,0.09819630986549496,0.10980345446977804
11.656782150268555,0.052579728107956615,0.17,0.17,0.01723731411373008,0.0567884327231553,0.06188299099463054,0.08998033124503985,0.12813958145308119
12.04648733139038,0.17,0.00047618058088731577,0.05374646355097205,0.17,0.10883276750025446,0.00239306240678709,0.17,0.09002977228918017
12.070128679275513,0.17,0.0005985343052545656,0.05922793116781728,0.17,0.12988718733115828,0.0010552405067716757,0.17,0.09013805518560081
12.093961000442505,0.17,0.00022075446621005936,0.024733763813002903,0.17,0.11716731688803739,0.001440462772531871,0.17,0.09025693581315089
12.117534399032593,0.17,0.0002932847591959557,0.013252744036197325,0.17,0.11453302767023682,0.0015833009593187591,0.17,0.0976122915324594
12.141422271728516,0.17,9.746351845105593e-05,0.045596591383120215,0.17,0.11923167867075965,0.0015480903926892245,0.17,0.09378167465043097
12.165343523025513,0.17,0.0003872619449934341,0.04375787131603651,0.17,0.11267094814142728,0.001738997800834611,0.17,0.10396443025029423
12.55307388305664,0.033706695108121285,0.17,0.17,0.001766773581950344,0.019966111236423202,0.03828271472642468,0.17,0.15318757521932716
12.577162742614746,0.04422659429548597,0.17,0.17,0.0006370860799155902,0.02165374948664864,0.030696333547685552,0.17,0.15904410161026028
12.60117793083191,0.04361184651280149,0.17,0.17,0.008326364307416555,0.03126783942438623,0.04677108414067907,0.17,0.15981843653414643
12.625501871109009,0.024774854025529498,0.17,0.17,0.0077463405458914275,0.030489732967551485,0.03653089499777163,0.17,0.1659020074186106
12.649664402008057,0.0330475211667148,0.17,0.17,0.002206052409608873,0.03625484047911314,0.05608340905785387,0.17,0.16602431239650522
12.673728227615356,0.023438830323292918,0.17,0.17,0.008957134605039345,0.037194518015151314,0.04774786691814597,0.17,0.1680327278933289
13.065836191177368,0.17,0.1143630138274479,0.07585313516035176,0.17,0.17,0.021913928989393122,0.12449792363871598,0.17
13.090118169784546,0.17,0.12542287922498233,0.10671228398732137,0.17,0.16685389429577194,0.028515080339409558,0.17,0.16491541751387281
13.11444902420044,0.17,0.1317636455569929,0.10308569992047924,0.17,0.17,0.04320468948896456,0.16873716015066542,0.16011305231698525
13.138527631759644,0.17,0.1537790910333554,0.13786680094902465,0.17,0.1556096726559058,0.028264061498044744,0.1357983440743549,0.1256240640180727
13.162866115570068,0.17,0.17,0.14987331120234712,0.17,0.15711929955727202,0.010932622148523021,0.11616513226391072,0.08832562443762598
13.187076330184937,0.17,0.17,0.16769549169518738,0.17,0.17,0.026336544292357107,0.10557339910921457,0.09704131709745534
13.588785409927368,0.0277942830920006,0.17,0.17,0.0364135475057669,0.041064839932321094,0.11939192414687089,0.12192306842021942,0.06585751783186206
13.614685297012329,0.02200098557336966,0.17,0.17,0.03552700806918788,0.04660262576340861,0.09613612328470833,0.10085306376012047,0.07288782162219318
13.640440702438354,0.03931297906375959,0.17,0.17,0.060827401528697304,0.04908794482638616,0.11189169524965653,0.10278379914945904,0.07289326701510919
13.666173219680786,0.045016139431298376,0.17,0.17,0.06763723222601686,0.04552928329520264,0.11707659672817035,0.10485175435626416,0.06806529216665609
13.691700220108032,0.05225307749623324,0.17,0.17,0.07517485099852916,0.04123653241211128,0.11728207999110399,0.1025685904431213,0.06413853589201797
14.085306406021118,0.17,0.000822662752479505,0.029978328701775015,0.17,0.11376874948578684,0.003617454328970212,0.17,0.12989227621629376
14.108916997909546,0.17,0.00013453214341519674,0.051243281939644655,0.17,0.12106184020275168,0.0012234467485721674,0.17,0.12226295463230329
14.13230276107788,0.17,4.74987196259164e-05,0.06438079772702048,0.17,0.1367432063547823,0.0019792699940698907,0.17,0.1329169977648778
14.15597414970398,0.17,0.0004889488543737331,0.019957640085430738,0.17,0.12456389395248343,0.001921113193979357,0.17,0.14075672312805618
14.179632425308228,0.17,5.731685482515931e-05,0.004722010744817369,0.17,0.11147760718216504,0.0015328617268788596,0.17,0.11177555952412409
14.202907085418701,0.17,0.0011371944872166201,0.022223673430077875,0.17,0.1049809043950671,0.0008616632926674084,0.17,0.1018125715009766
14.587515592575073,0.035630496271156026,0.17,0.17,0.04189367839389437,0.01429840818541739,0.0948398298019262,0.17,0.17
14.61136770248413,0.024285523933560385,0.17,0.17,0.0738328914481574,0.016094072773853774,0.0970112541542565,0.17,0.17
14.634992122650146,0.026939845293723792,0.17,0.17,0.054536775939860956,0.029630512651191005,0.10002708871005954,0.17,0.17
14.658703565597534,0.03429366279675925,0.17,0.17,0.062134330594605734,0.007576568256549913,0.06848329732947012,0.17,0.17
14.682394981384277,0.04190828247007775,0.17,0.17,0.053148192738189055,0.0009944870372649687,0.07127509644141784,0.17,0.17
14.705916166305542,0.03884947764621194,0.17,0.17,0.057172192854421044,0.016544242775977408,0.07832408097881831,0.17,0.17
15.09935474395752,0.17,0.08756093304327417,0.014596473519114713,0.17,0.07743803781187117,0.07876421019541965,0.17,0.17
15.123096466064453,0.17,0.10649201820179852,0.06814497561141686,0.17,0.06766521708212768,0.08203384241165498,0.17,0.17
15.146795749664307,0.17,0.09652526181424274,0.04879658302384056,0.17,0.08064137735369424,0.07657417047971235,0.17,0.17
15.17037558555603,0.17,0.09366319813004129,0.04509664162274326,0.17,0.07391100526960258,0.06362445095241284,0.17,0.17
15.193926095962524,0.17,0.08019346927916597,0.0625835276383439,0.17,0.06496248056433963,0.07630327736690672,0.17,0.17
15.21750807762146,0.17,0.09037346765174774,0.058685406403635884,0.17,0.07472354110058488,0.07043188279483585,0.17,0.17
15.606631517410278,0.045530527146769195,0.17,0.17,0.12762886678910818,0.09802512594899117,0.1558515363819926,0.10790757820111649,0.17
15.63006067276001,0.028799285979626884,0.17,0.17,0.09428665498823746,0.06432184376836048,0.10789125637837144,0.11564791328979808,0.14625585423578288
15.653726577758789,0.010800837083721971,0.17,0.17,0.09194952377828386,0.07010597329856559,0.13480823725916002,0.15019970222889895,0.14432933900640899
15.677825927734375,0.016353204180573153,0.17,0.17,0.07400457214149678,0.056631973948070576,0.130057315503807,0.15136413883303265,0.12808844610197892
15.701985120773315,0.009444349430489257,0.17,0.17,0.015666372004474047,0.043952151889114395,0.1177279842323407,0.10717400000738804,0.1410733887716046
15.726200342178345,0.0435954635678929,0.17,0.17,0.01103116647977529,0.04411194458577297,0.049367201563485744,0.09289293008251348,0.1532529111326457
16.13329267501831,0.17,0.14366905793102777,0.035636557800241116,0.17,0.08700987202870981,0.00977677012746073,0.1020224166393304,0.041915194829462765
16.157787799835205,0.17,0.10110241649023878,0.07664092193016352,0.17,0.09201530371093662,0.021127431269110358,0.07416449695317816,0.051667669987463825
16.18251132965088,0.17,0.1439595579196274,0.0870184453766124,0.17,0.08651830587047339,0.01177145043901788,0.08549766075667023,0.04712627374078795
16.206979036331177,0.17,0.11901192198822043,0.09263861344714239,0.17,0.08227092264303974,0.018834692673833083,0.07420064274681591,0.03534907698779499
16.231761693954468,0.17,0.15004979175947722,0.12370805747794712,0.17,0.094216840451636,0.024328975485375243,0.08667513394164825,0.026040263881861987
16.256534814834595,0.17,0.1303789345774418,0.12874018137275994,0.17,0.0863817672666201,0.03035321024035487,0.07627815231808045,0.015875101077532976
16.646703958511353,0.08219884004602153,0.17,0.17,0.08376180629967947,0.04850529890491737,0.09302400564639347,0.11554556354268296,0.12762566554166405
16.671833992004395,0.07473066571429195,0.17,0.17,0.07902878114222558,0.0478224092673523,0.09528952807726253,0.11961398541850585,0.12397657815240912
16.697110414505005,0.0732580537878759,0.17,0.17,0.08078237980406733,0.04070534441995286,0.09267085240262701,0.12362172993054271,0.12068116755624635
16.72234320640564,0.0072021415181584445,0.17,0.17,0.057816676478572894,0.02157830661291921,0.0944771139311837,0.12944601203396683,0.12663067839297892
16.7477126121521,0.09992999678528798,0.17,0.17,0.09840201013251434,0.024132511628103155,0.09862430938285038,0.13036201837361389,0.11998476245605419
17.145830392837524,0.17,0.07939947487211335,0.06796889396171715,0.17,0.11593820830728115,0.0017175521329027802,0.07555006677859606,0.0723088727049947
17.169084310531616,0.17,0.07538215478476323,0.05507222542821432,0.17,0.11350574788448904,0.019460494525070846,0.08565369071834592,0.07052784607996863
17.1922664642334,0.17,0.07289852668753827,0.060269576438985034,0.17,0.10093825042934546,0.02429436377819601,0.10337511136969245,0.06025301471446686
17.215754985809326,0.17,0.06634676076105889,0.061226070222220756,0.17,0.09287229344332164,0.023110082722471035,0.11102064084377376,0.06452474043235461
17.239529848098755,0.17,0.07625327579121459,0.06832788523704025,0.17,0.07116102187450168,0.03034554870024581,0.14403039495552847,0.04014673945878196
17.26298213005066,0.17,0.06206944739071737,0.10769779990046706,0.17,0.05658010016231415,0.04082461729368616,0.13439119313599443,0.023640185788163924
17.64536190032959,0.009768102198119457,0.17,0.17,0.0011598841173573703,0.06972674338916,0.022431630443561404,0.17,0.15383582350893346
17.66861319541931,0.04054410897646804,0.17,0.17,0.024536939819709665,0.09849586026563774,0.016820187284045798,0.17,0.17
17.691619873046875,0.0015723570776151937,0.17,0.17,0.057530109819222006,0.05230738443213152,0.005151869966926601,0.17,0.17
17.714699745178223,0.017169168159166682,0.17,0.17,0.0635318023796789,0.042310987375888995,0.00583809163857925,0.17,0.17
17.73794150352478,0.023098397819790676,0.17,0.17,0.0749837898141258,0.03539401545379531,0.00014577877606170836,0.17,0.17
17.76131272315979,0.027471931675973657,0.17,0.17,0.08395967796460982,0.027391949100413576,0.009422834314043118,0.17,0.17
17.78450655937195,0.031021492053052904,0.17,0.17,0.06351417219688128,0.030525376489437924,0.017322299672747853,0.17,0.17
18.15977692604065,0.17,0.041681326632402566,0.050267848092528725,0.17,0.09471299365983067,0.09421152634255359,0.17,0.17
18.183770656585693,0.17,0.037397566221915986,0.032706193017683495,0.17,0.09196441858704321,0.07142927837888274,0.17,0.17
18.207932710647583,0.17,0.04000044623275067,0.017371152984063845,0.17,0.09155225977768287,0.06444323632606656,0.17,0.17
18.2321515083313,0.17,0.012144178198221247,0.019729913475689528,0.17,0.1033906013149534,0.07450592034797707,0.17,0.17
18.256280660629272,0.17,0.05184837963907938,0.03595586117186648,0.17,0.08630242755419519,0.04186265732300426,0.17,0.17
18.280500411987305,0.17,0.06028608232048604,0.04656755364023621,0.17,0.0824062782095208,0.03168941745564402,0.17,0.17
18.669546127319336,0.010980526330387683,0.17,0.17,0.03624022233287945,0.053276984699705265,0.10715218166927248,0.12192060255587715,0.0904085900830473
18.694613456726074,0.018874264028888352,0.17,0.17,0.027196814546537957,0.051071576549982026,0.08249022555785829,0.10576664933520158,0.10187652700655435
18.71898055076599,0.016761310192183937,0.17,0.17,0.013812635857381227,0.0456646294687121,0.07571391311063674,0.09409893403150255,0.09601307737665774
18.74343490600586,0.01874575173586399,0.17,0.17,0.009768037868908458,0.03706347553663215,0.07416735263328646,0.08311472749792155,0.08503397016964545
18.76761269569397,0.01650248945666453,0.17,0.17,0.006245849029637205,0.03469595774400052,0.07391713341011148,0.0758159218189258,0.0781623876540442
18.79152774810791,0.0161203497893991,0.17,0.17,0.0028031188335086946,0.0323250082147472,0.07226474879772737,0.06896038956969996,0.07169057645496228
19.191197872161865,0.17,0.03052271902968227,0.06954245144284504,0.17,0.07730894949723745,0.006408908823083953,0.17,0.034943380010097926
19.2161283493042,0.17,0.0037972019457068683,0.0467797626122904,0.17,0.1339045548797084,0.006660284820971095,0.12787904134758718,0.08603818077477185
19.240640878677368,0.17,0.004978509279573265,0.05835584971576362,0.17,0.143322323099334,0.006624559763991905,0.13989144326202146,0.08979461023326953
19.265401363372803,0.17,0.00298294942705215,0.04739800082280035,0.17,0.11000050247057343,0.004541120155445019,0.1286872185798542,0.08025142166388957
19.290414571762085,0.17,0.005994671630940509,0.01853924755620376,0.17,0.09595200628211863,0.003082756991818058,0.15102897231874846,0.0544048928862044
19.316025972366333,0.07883286458759356,0.0516307810878622,0.020035750935245095,0.17,0.01166573814732166,0.012605840003841929,0.15262982527131974,0.035605712070570505
19.71277356147766,0.0815347155981891,0.17,0.17,0.07007507734205563,0.028515342608549918,0.07449392846852473,0.09434009836560367,0.05366601361605737
19.737788915634155,0.11341292792425609,0.17,0.17,0.08390706722860775,0.01961559966994461,0.06798619110286715,0.09760469403772304,0.05624300836017796
19.762850522994995,0.12525287761742163,0.17,0.17,0.0976372102363629,0.025230542979362194,0.07512628961308193,0.10178890483535426,0.061311081528601506
19.78742027282715,0.12961484054607267,0.17,0.17,0.09936446082706826,0.02849503625989068,0.06935163442478273,0.10208363007100686,0.060279570714171414
19.812174320220947,0.12441337942349313,0.17,0.17,0.09887932297793744,0.02942069675327078,0.059675359712442755,0.09963577194348028,0.06059444322139344
20.20365285873413,0.17,0.013620810848245285,0.04560077881889115,0.17,0.09689025180814059,0.007445038167462383,0.14957728952957144,0.12425995336999782
20.22849988937378,0.17,0.029740809155761612,0.06339504881005664,0.17,0.10873952102017248,0.014252843208517173,0.17,0.11367151627222666
20.253276348114014,0.17,0.02336488525158661,0.001858798292218554,0.17,0.08913966295845817,0.017650088673702394,0.16080603686968334,0.1250528522756709
20.27822232246399,0.17,0.020348464864343833,0.00923071188694996,0.17,0.06692487224057325,0.00551996754382048,0.14910155357325683,0.11276840210753902
20.302913665771484,0.17,0.0315699532217017,0.007974783657293958,0.17,0.08531733715233118,0.009466092190686939,0.1442965584066329,0.10926623821628427
20.32804036140442,0.17,0.016314289691986623,0.001167730852625751,0.17,0.0993089886453027,0.01226607896106836,0.12780304103538193,0.1199453255823438
